72 4 8 16
7
68 89 4 93
79 5 74 49
38 89 62 41
24 96 49 56
73 32 17 55
65 37 64 73
8 99 94 80
4 85 0 11
2
57 84 70 57
81 1 85 31
40 10 10 40
3
60 50 30 1
100 98 94 99
20 81 64 0
88 1 3 8
6
60 76 21 84
61 86 1 61
54 49 41 78
6 38 74 83
66 39 68 72
82 16 19 16
72 4 8 16
7
68 89 4 93
79 5 74 49
38 89 62 41
24 96 49 56
73 32 17 55
65 37 64 73
8 99 94 80
72 4 8 16
7
68 89 4 93
79 5 74 49
38 89 62 41
24 96 49 56
73 32 17 55
65 37 64 73
8 99 94 80
4 85 0 11
2
57 84 70 57
81 1 85 31
40 10 10 40
3
60 50 30 1
100 98 94 99
20 81 64 0
88 1 3 8
6
60 76 21 84
61 86 1 61
54 49 41 78
6 38 74 83
66 39 68 72
82 16 19 16
72 4 8 16
7
68 89 4 93
79 5 74 49
38 89 62 41
24 96 49 56
73 32 17 55
65 37 64 73
8 99 94 80